0 0.092825 0.292081 0.184510 0.371268
0 0.533599 0.447425 0.411162 0.708784
0 0.291287 0.158373 0.239749 0.207702
0 0.598235 0.136737 0.359339 0.198183
0 0.305239 0.521419 0.101367 0.192990
0 0.271071 0.426439 0.061503 0.060147
0 0.206720 0.496106 0.095672 0.108611
0 0.671128 0.256383 0.080296 0.045435
0 0.487187 0.174167 0.112187 0.157075
0 0.403759 0.746214 0.059226 0.047166
0 0.575171 0.713544 0.094533 0.051926
0 0.710706 0.443315 0.045558 0.036781
0 0.717255 0.485504 0.047267 0.043271
0 0.758827 0.454349 0.060934 0.038079
